$ANSIBLE_VAULT;1.1;AES256
30316238643065323263383261623361363265663166643962363437663264643466346665623338
6564376332613632643737626236363937646236393138610a323064303261366466376437613336
36323962383137306532613337623438306263633633353163616665643432323166336333633233
6364653334613265320a623936666163653562646565313132366337333965306461633336373835
34333663373936343432613762393961623938363834333439346632303636613764313430653031
63666131333636626633646162356439326631653231303737363930616237336433666236653536
66313164663063363965616266613036356434383365366134356232613066393962383165623964
61376336663564366435353863366432313964623437333165643065653531623861613731373331
66343239303163383965353464663366616535393963303936366664313435393166323130623866
39386136333837666634636661633638623265383733633864613338636234393361346436323961
61663734663435396539623535333864653937313538643037323636636363653966623164653230
34616637363462366134386133313838353363366366303666313730363131373435636431616330
65323062313166623938653735303731616366663331376336383566306633393932623561306630
33346432356463653732356635396635346335636339646539643332363539383230303164363631
30366163383137353839336630373836663437333838363263623634393730376663373930626332
65663837353763353463306264646433393333313632353638346139316431343832353739383937
63303462366234666232646634643034353236326465393338396533386138343533393031613436
33666364306138656262623363303963353062353532303233663134316230316339653563326334
63623564393239653933326335623263653431343433346234363830343133326265323264656166
34666665636661643965633064646139353631343430363633376163616133643363663433303235
62316139313039363230336639363264376561353866363932363338663035323333326564326636
38353435336266386365613661373635383737356462636261306533643534623266336363343561
39666231376430386364306335373638616239616664396661316134363335656334336165636662
65323765623933353862336232613564393433306634613532343864663565313565366261656430
66386332326532313537626539366332333330663632376437396534366134613933363166663861
32346138623339323434373536393739386265366335353333663562326532636265373666383336
34363731626336666662313931633663386564653164356261663831353636383462653765396232
35316333393438333866623432666133623932616635656562336165633434613461323737626266
65373933633339383239313161373063633866656134653135613763616234313932613739316462
65633533616466313164663933636363643830306562306238393461383432393964353632343038
38323763386662356435626566646234316363396464393034636330303935386436343833363830
62363733333630303631313336373332366238343961356434306430646265326336363065363134
31316235646638303336333566313132363262376233373239313635316132666639343132616564
63613366666438643964393739383236343235613630333365613662623166376531323262343139
34643236336336323734653234363633373239656665303064336266393430626365646334333632
33313130643863353938633539393939633238366138623238333237663734643032663034373465
30633635323539363135363166316634336138323236663838323934393630316432663134396536
32643631613531303162363833653265333930373538646534323039313331326637643234653862
39303066363739373332323139303465303662373335643966643334363539313166663534643562
38616165363231346436363561633661653134653965633337653038646130323734643836326233
64633031363761663932323238326634613961616162623438666639656265376330383563346362
62383337646633356462346130316338663663353766353531366664666163343537396336633864
39666564656166656565333532633066353962346239666136613936343531663235306239373732
37396561373933346661656563633036613132386262343135336366336437653937303739336335
38646534643466633533623436633937383235303863636337656332613237636134333131643733
61616563633533373934663830666139666533363338613463333064363433626339346230373662
37313865636265306561363831363336336136333561383037346364653539396336356230376133
39653665313962353863356131643934366263343635323030313830643834386231663930353339
34383238653762626130316366363136306562623232336162333862303864336165323261343964
62373736363137316439353138353736393236393634623036356239663132396535613836613565
31343338626436383265666663633863616662393134626366316439323564343834613934373166
66346638623763313237363037656639373736616162656464333461313037383061353161333161
33326163316631613837383637636164333238336463333262643834663462386261323333366337
65356239316161643734363035386533313761303433613730653664383432396334386563333061
32626462323763623362383636346134313464373331343866376534303033636365363564663135
30316531333564636135613963613761653063353261343435306130666131613531303362333964
38646638633536386666663363356531633734616536353737656662316132373865616630656234
33336433643930356233356362653836393561653566353564303066363764396530316330356362
64616362343334333031303264303564393662313331636130383361323665326663343334363263
31303931306265343863623939663562363835393034336466363334626539396531333462373365
38623030373530656132363039386666643064613161346335313330393062626534656335343438
34366138313864663139316233363737373433663037366263333865393931376238626133386461
35373738613031396364306337396533376139643537646230613833656335343161346339623039
31623762643836656361343931346433633665613534653937323538666636626464313031623761
65396339636434363439323764663136343633666162346666383032643261633936643237616539
37316339643365353536656330303634383133663135623662326333353833316166373638353061
36363736616661656136373739636362376533386163303138366639346631366632316662653631
30626162336138396362323037323736313533396637353732343561633332373436373533333637
37646335633633643534316235656331656331653636383137313937356433393739653164613566
63313136366435386466313862363335366438383861663332313263373065386165366165636261
66626635353235343139646532306637306538386234343139346137616531643462363339346162
38336233623266326230316265663430336334336137653364303537616230346265643162316262
31346436626632333062313033343561343561623735393063323931656231383333636533636234
31353634623334656166346661653538346463663436623535323564646136336634396234343132
32356265626264666631653535646364646662316637623837613437343661356433336233303563
35393730626433613237623061393235343031303366383136633632333136313431633239323563
35643736643239623466643234646131633437623336303732623065356665356437303134653631
63616637303734626363316435623437633438326433613766303737616634316230343166646161
62316365636637633338643232316165353863656233343236363637383335643533393965333764
35393634363734316363393134343265646462303639346461316362643732653036383834323163
34633133663339643938336366643864363262666134623763626630316230363634656530383739
39383030363566323533363062626364633536313363366633643838343533393965356233363032
64386162303635393836373134393432623534633036353162376564373930613761376165323135
66393530353130613438626237386663363632306231326561326636366530613733616538313463
61663039383630663637653863616439316538656666393162646131396136643338363036326662
66636230613036643934386234303637636430663062656635326664396437333534326661613365
36633538346162306366633432323234643965393564663766383333616666663362386237616232
35323962396631363664653235653031653562623431356138636230626665396638356232393334
34303035353261366238663035336463383936623234363839623833323036346631313561316466
63623163653336633230643539313131623862616538313966313664623164666235333334636133
34636532623530623662316233303934626336303131303535613463366335636336333564373961
66643263656533363232623861373764636232393538386135383064633365663461643337366636
38323366396561363938626438396633343161363331356666393865623832656464643932663462
32643739323031626566366134393464353230623137633136363164336535386230353138636463
31646530353265663931313235336535316439313234666635373264336630636464376538366461
61396666353361663663
